0 0.4686971235194585 0.495703125 0.15905245346869712 0.04765625
0 0.6785109983079526 0.432421875 0.155668358714044 0.04765625
4 0.47715736040609136 0.5578125 0.1353637901861252 0.0421875
4 0.29357021996615906 0.553515625 0.1404399323181049 0.04453125
4 0.30372250423011843 0.604296875 0.13028764805414553 0.03203125
4 0.3189509306260575 0.32265625 0.12013536379018612 0.0328125
1 0.30710659898477155 0.369921875 0.116751269035533 0.03984375
1 0.2749576988155668 0.42578125 0.13705583756345177 0.0484375
2 0.48646362098138746 0.324609375 0.12351945854483926 0.03359375
2 0.2707275803722504 0.494921875 0.14890016920473773 0.04765625
5 0.6598984771573604 0.326171875 0.1218274111675127 0.03046875
5 0.6725888324873096 0.376953125 0.13028764805414553 0.03984375
3 0.48646362098138746 0.3734375 0.116751269035533 0.0375
3 0.4763113367174281 0.428515625 0.13705583756345177 0.04296875
3 0.6692047377326565 0.498828125 0.13028764805414553 0.04453125
3 0.6565143824027073 0.559765625 0.1319796954314721 0.04453125
3 0.6455160744500846 0.60859375 0.116751269035533 0.0328125
5 0.4746192893401015 0.6078125 0.13028764805414553 0.03125
