15 0.468697 0.495703 0.159052 0.047656
15 0.678511 0.432422 0.155668 0.047656
16 0.477157 0.557813 0.135364 0.042188
16 0.293570 0.553516 0.140440 0.044531
16 0.303723 0.604297 0.130288 0.032031
16 0.318951 0.322656 0.120135 0.032813
17 0.307107 0.369922 0.116751 0.039844
17 0.274958 0.425781 0.137056 0.048438
18 0.486464 0.324609 0.123519 0.033594
18 0.270728 0.494922 0.148900 0.047656
19 0.659898 0.326172 0.121827 0.030469
19 0.672589 0.376953 0.130288 0.039844
20 0.486464 0.373437 0.116751 0.037500
20 0.476311 0.428516 0.137056 0.042969
20 0.669205 0.498828 0.130288 0.044531
20 0.656514 0.559766 0.131980 0.044531
20 0.645516 0.608594 0.116751 0.032813
19 0.474619 0.607812 0.130288 0.031250
