15 0.213198 0.547266 0.162437 0.058594
15 0.444162 0.714063 0.143824 0.025000
17 0.234349 0.406250 0.133672 0.040625
17 0.428934 0.403125 0.167513 0.045312
17 0.234349 0.677734 0.160745 0.035156
17 0.252115 0.718359 0.135364 0.024219
19 0.445854 0.549219 0.191201 0.053125
19 0.668359 0.542969 0.162437 0.053125
19 0.214890 0.625781 0.165821 0.037500
19 0.449239 0.672266 0.153976 0.028906
20 0.225042 0.471094 0.138748 0.053125
20 0.435702 0.470313 0.153976 0.051562
20 0.627750 0.707031 0.121827 0.021875
16 0.615905 0.401562 0.148900 0.037500
16 0.668359 0.617969 0.148900 0.034375
16 0.650592 0.665234 0.143824 0.033594
18 0.450931 0.619922 0.174281 0.033594
18 0.637056 0.465234 0.153976 0.049219
